0 0.6394230769230769 0.2620192307692308 0.6610576923076923 0.2620192307692308 0.6610576923076923 0.3605769230769231 0.6394230769230769 0.3605769230769231
0 0.6129807692307693 0.2668269230769231 0.6346153846153846 0.2668269230769231 0.6346153846153846 0.3629807692307692 0.6129807692307693 0.3629807692307692
0 0.4567307692307692 0.27403846153846156 0.47596153846153844 0.27403846153846156 0.47596153846153844 0.3701923076923077 0.4567307692307692 0.3701923076923077
0 0.47115384615384615 0.27403846153846156 0.49278846153846156 0.27403846153846156 0.49278846153846156 0.37259615384615385 0.47115384615384615 0.37259615384615385
0 0.49278846153846156 0.2764423076923077 0.5120192307692307 0.2764423076923077 0.5120192307692307 0.375 0.49278846153846156 0.375
0 0.5 0.375 0.5192307692307693 0.375 0.5192307692307693 0.4230769230769231 0.5 0.4230769230769231
0 0.375 0.4254807692307692 0.3942307692307692 0.4254807692307692 0.3942307692307692 0.47596153846153844 0.375 0.47596153846153844
0 0.6514423076923077 0.5048076923076923 0.6826923076923077 0.5048076923076923 0.6826923076923077 0.5697115384615384 0.6514423076923077 0.5697115384615384
0 0.3245192307692308 0.5576923076923077 0.35096153846153844 0.5576923076923077 0.35096153846153844 0.6153846153846154 0.3245192307692308 0.6153846153846154
0 0.49278846153846156 0.6346153846153846 0.5240384615384616 0.6346153846153846 0.5240384615384616 0.7091346153846154 0.49278846153846156 0.7091346153846154
0 0.5913461538461539 0.6370192307692307 0.6274038461538461 0.6370192307692307 0.6274038461538461 0.7115384615384616 0.5913461538461539 0.7115384615384616