0 0.8918269230769231 0.28846153846153844 0.9783653846153846 0.28846153846153844 0.9783653846153846 0.78125 0.8918269230769231 0.78125
0 0.6538461538461539 0.2860576923076923 0.7355769230769231 0.2860576923076923 0.7355769230769231 0.8245192307692307 0.6538461538461539 0.8245192307692307
0 0.5673076923076923 0.28846153846153844 0.6490384615384616 0.28846153846153844 0.6490384615384616 0.8317307692307693 0.5673076923076923 0.8317307692307693
0 0.38221153846153844 0.28846153846153844 0.46634615384615385 0.28846153846153844 0.46634615384615385 0.8365384615384616 0.38221153846153844 0.8365384615384616
0 0.8173076923076923 0.33653846153846156 0.9086538461538461 0.33653846153846156 0.9086538461538461 0.7932692307692307 0.8173076923076923 0.7932692307692307
0 0.47596153846153844 0.28846153846153844 0.5600961538461539 0.28846153846153844 0.5600961538461539 0.8485576923076923 0.47596153846153844 0.8485576923076923
0 0.7403846153846154 0.3389423076923077 0.8269230769230769 0.3389423076923077 0.8269230769230769 0.8149038461538461 0.7403846153846154 0.8149038461538461
0 0.2692307692307692 0.3389423076923077 0.3629807692307692 0.3389423076923077 0.3629807692307692 0.8533653846153846 0.2692307692307692 0.8533653846153846
0 0.15865384615384615 0.34134615384615385 0.2548076923076923 0.34134615384615385 0.2548076923076923 0.8653846153846154 0.15865384615384615 0.8653846153846154
0 0.05048076923076923 0.35096153846153844 0.15625 0.35096153846153844 0.15625 0.8701923076923077 0.05048076923076923 0.8701923076923077
0 0 0.3798076923076923 0.0673076923076923 0.3798076923076923 0.0673076923076923 0.8557692307692307 0 0.8557692307692307