0 0.125 0.06490384615384616 0.21875 0.06490384615384616 0.21875 0.6033653846153846 0.125 0.6033653846153846
0 0.65625 0.10096153846153846 0.7548076923076923 0.10096153846153846 0.7548076923076923 0.6322115384615384 0.65625 0.6322115384615384
0 0.40625 0.13221153846153846 0.5216346153846154 0.13221153846153846 0.5216346153846154 0.6875 0.40625 0.6875
0 0.5552884615384616 0.15625 0.6682692307692307 0.15625 0.6682692307692307 0.7139423076923077 0.5552884615384616 0.7139423076923077
0 0.08173076923076923 0.16346153846153846 0.20192307692307693 0.16346153846153846 0.20192307692307693 0.7331730769230769 0.08173076923076923 0.7331730769230769
0 0.21634615384615385 0.16346153846153846 0.3245192307692308 0.16346153846153846 0.3245192307692308 0.7379807692307693 0.21634615384615385 0.7379807692307693
0 0.8197115384615384 0.21394230769230768 0.9206730769230769 0.21394230769230768 0.9206730769230769 0.7644230769230769 0.8197115384615384 0.7644230769230769
0 0.4519230769230769 0.23317307692307693 0.5649038461538461 0.23317307692307693 0.5649038461538461 0.8245192307692307 0.4519230769230769 0.8245192307692307
0 0.7091346153846154 0.29086538461538464 0.8389423076923077 0.29086538461538464 0.8389423076923077 0.9014423076923077 0.7091346153846154 0.9014423076923077
0 0.8533653846153846 0.2980769230769231 0.9975961538461539 0.2980769230769231 0.9975961538461539 0.9038461538461539 0.8533653846153846 0.9038461538461539
0 0.5576923076923077 0.30528846153846156 0.6826923076923077 0.30528846153846156 0.6826923076923077 0.9230769230769231 0.5576923076923077 0.9230769230769231
0 0.31009615384615385 0.30528846153846156 0.42788461538461536 0.30528846153846156 0.42788461538461536 0.9350961538461539 0.31009615384615385 0.9350961538461539
0 0.016826923076923076 0.31490384615384615 0.15384615384615385 0.31490384615384615 0.15384615384615385 0.9447115384615384 0.016826923076923076 0.9447115384615384