1 0.550613 0.818021 0.024430 0.110347
1 0.612184 0.812694 0.025320 0.114250
1 0.521727 0.752160 0.026781 0.147931
2 0.251809 0.446611 0.018227 0.065972
2 0.586781 0.756389 0.014641 0.047444
1 0.665715 0.744236 0.033148 0.170389
2 0.687211 0.712938 0.025078 0.084153
2 0.616211 0.742403 0.028828 0.062833
1 0.823352 0.791424 0.018203 0.069069
1 0.548773 0.739333 0.022953 0.125389
2 0.748707 0.775333 0.029602 0.096889
1 0.567793 0.813847 0.025758 0.112444
2 0.720844 0.793882 0.029750 0.068486
1 0.636543 0.759014 0.030508 0.165917
