9 0.567398 0.502118 0.051594 0.279986
9 0.315387 0.388819 0.061023 0.240083
9 0.475531 0.713771 0.052766 0.445514
9 0.699410 0.687104 0.087055 0.503625
9 0.354863 0.577465 0.043945 0.468458
9 0.221617 0.775479 0.066031 0.328375
9 0.569348 0.528361 0.056320 0.331917
11 0.450699 0.350611 0.045633 0.098722
9 0.479969 0.728396 0.043391 0.415597
9 0.569375 0.566257 0.056703 0.408069
9 0.357816 0.484299 0.036367 0.282208
9 0.318859 0.446854 0.067813 0.353014
9 0.690430 0.624007 0.071078 0.389292
9 0.687547 0.606347 0.060734 0.335139
