0 0.210585 0.781900 0.041042 0.315364
0 0.689300 0.658846 0.074769 0.388294
0 0.466465 0.689145 0.041634 0.313923
0 0.315206 0.519037 0.082009 0.467350
3 0.442795 0.366380 0.050585 0.095075
0 0.692541 0.700489 0.082179 0.474235
0 0.312317 0.480595 0.076309 0.391159
0 0.567362 0.513225 0.036755 0.287627
0 0.571688 0.606832 0.049420 0.475695
0 0.466354 0.734230 0.046905 0.406063
0 0.464772 0.677176 0.035279 0.283609
0 0.682449 0.621818 0.060746 0.311453
0 0.309814 0.431036 0.071357 0.292745
