0 0.221620 0.775476 0.066030 0.328369
0 0.354864 0.577466 0.043951 0.468451
0 0.699407 0.687099 0.087055 0.503621
0 0.475529 0.713771 0.052763 0.445508
0 0.315386 0.388819 0.061020 0.240080
0 0.567400 0.502116 0.051589 0.279980
0 0.690429 0.624007 0.071079 0.389304
0 0.569346 0.528359 0.056320 0.331924
3 0.450702 0.350613 0.045634 0.098729
0 0.479969 0.728398 0.043392 0.415604
0 0.569375 0.566255 0.056709 0.408066
0 0.357813 0.484299 0.036367 0.282220
0 0.318859 0.446854 0.067818 0.353008
0 0.687547 0.606347 0.060736 0.335141
